#
#--------------------------------------------------------------------------------
##ASTER 13.06.00 CONCEPT SCLTHEQ CALCULE LE 27/11/2019 A 20:14:06 DE TYPE         
#TABLE_SDASTER                                                                   
 ABSC_CURV     VMIS          TRESCA        PRIN_1        PRIN_2        PRIN_3        VECT_1_X      VECT_1_Y      VECT_1_Z      VECT_2_X      VECT_2_Y      VECT_2_Z      VECT_3_X      VECT_3_Y      VECT_3_Z      TRIAX       
 0.000000E+00  8.898742E+01  9.564913E+01  -1.536362E+01  -5.357227E-02  8.028551E+01  9.999999E-01  -4.324794E-04  -7.176609E-05  4.324820E-04  9.999999E-01  3.539846E-05  7.175078E-05  -3.542949E-05  1.000000E+00  2.429868E-01
 3.300000E-04  8.730425E+01  9.149890E+01  -9.505561E+00  -4.030052E-01  8.199334E+01  9.999999E-01  4.332851E-04  -5.967714E-05  -4.332868E-04  9.999999E-01  -2.808696E-05  5.966496E-05  2.811282E-05  1.000000E+00  2.752244E-01
 6.600000E-04  8.595951E+01  8.760482E+01  -3.915314E+00  -5.243318E-01  8.368950E+01  9.999981E-01  -1.969365E-03  -8.069252E-05  1.969364E-03  9.999981E-01  -1.190872E-05  8.071582E-05  1.174979E-05  1.000000E+00  3.073147E-01
 9.900000E-04  8.490861E+01  8.581488E+01  -4.714187E-01  1.371103E+00  8.534346E+01  -5.534303E-03  9.999847E-01  -1.159915E-07  9.999847E-01  5.534303E-03  -7.319452E-05  7.319276E-05  5.210705E-07  1.000000E+00  3.385724E-01
 1.320000E-03  8.409567E+01  8.723876E+01  -2.713942E-01  6.413836E+00  8.696737E+01  -6.643202E-04  9.999998E-01  8.999670E-06  9.999998E-01  6.643208E-04  -6.602803E-05  6.603400E-05  -8.955804E-06  1.000000E+00  3.690630E-01
 1.650000E-03  8.350947E+01  8.857413E+01  -4.287303E-02  1.123210E+01  8.853126E+01  -3.026444E-03  9.999954E-01  1.900224E-05  9.999954E-01  3.026444E-03  2.499434E-06  -2.441913E-06  -1.900972E-05  1.000000E+00  3.980406E-01

