#
#--------------------------------------------------------------------------------
##ASTER 13.06.00 CONCEPT SCLTHEQ CALCULE LE 27/11/2019 A 20:13:22 DE TYPE         
#TABLE_SDASTER                                                                   
 ABSC_CURV     VMIS          TRESCA        PRIN_1        PRIN_2        PRIN_3        VECT_1_X      VECT_1_Y      VECT_1_Z      VECT_2_X      VECT_2_Y      VECT_2_Z      VECT_3_X      VECT_3_Y      VECT_3_Z      TRIAX       
 0.000000E+00  4.667011E+00  4.937311E+00  -5.974596E-01  8.455517E-04  4.339852E+00  -4.325292E-04  9.999998E-01  -3.861224E-04  1.009905E-04  3.861661E-04  9.999999E-01  9.999999E-01  4.324902E-04  -1.011576E-04  2.673544E-01
 3.300000E-04  4.449078E+00  4.660753E+00  -4.560974E-01  2.827589E-03  4.204656E+00  -3.999658E-04  9.999998E-01  3.812356E-04  1.159221E-04  -3.811892E-04  9.999999E-01  9.999999E-01  4.000099E-04  -1.157696E-04  2.810609E-01
 6.600000E-04  4.247902E+00  4.402969E+00  -3.254488E-01  3.853384E-03  4.077520E+00  -5.644892E-05  1.000000E+00  -6.224879E-05  1.501080E-04  6.225726E-05  1.000000E+00  1.000000E+00  5.643957E-05  -1.501115E-04  2.947279E-01
 9.900000E-04  4.064201E+00  4.165452E+00  -2.069363E-01  3.761979E-03  3.958516E+00  1.093829E-04  1.000000E+00  1.756168E-05  1.481332E-04  -1.757789E-05  1.000000E+00  1.000000E+00  -1.093803E-04  -1.481351E-04  3.080016E-01
 1.320000E-03  3.897283E+00  3.947539E+00  -9.997073E-02  2.565350E-03  3.847568E+00  2.260870E-04  9.999996E-01  8.885456E-04  1.311407E-04  -8.885753E-04  9.999996E-01  1.000000E+00  -2.259703E-04  -1.313416E-04  3.207502E-01
 1.650000E-03  3.747064E+00  3.750128E+00  -7.151175E-03  -1.016110E-03  3.742976E+00  1.366369E-03  9.995595E-01  -2.964658E-02  8.763951E-05  2.964649E-02  9.995604E-01  9.999991E-01  -1.368366E-03  -4.709287E-05  3.322432E-01

