AXIS X
-10000.00000 10000.00000
AXIS Y
-10000.00000 10000.00000
AXIS Z
-5250.00000 -4812.00000 -4375.00000 -3938.00000 -3500.00000 -3062.00000 -2625.00000 -2188.00000 -1750.00000 -1313.00000 -875.00000 -438.00000 0.00000 437.00000 875.00000 1312.00000 1750.00000 2188.00000 2625.00000 3062.00000 3500.00000 3937.00000 4375.00000 4812.00000 5250.00000
DATA
0.1950
0.2238
0.2527
0.2815
0.3104
0.3437
0.3776
0.4116
0.4455
0.4800
0.5147
0.5493
0.5840
0.6168
0.6486
0.6804
0.7121
0.7410
0.7669
0.7928
0.8188
0.8423
0.8617
0.8811
0.9005
0.9184
0.9320
0.9455
0.9591
0.9719
0.9789
0.9859
0.9930
1.0000
1.0024
1.0048
1.0073
1.0097
1.0079
1.0055
1.0030
1.0006
0.9978
0.9949
0.9920
0.9891
0.9862
0.9833
0.9804
0.9775
0.9755
0.9745
0.9736
0.9726
0.9727
0.9747
0.9766
0.9785
0.9808
0.9839
0.9871
0.9902
0.9932
0.9949
0.9966
0.9983
1.0000
0.9985
0.9971
0.9956
0.9942
0.9887
0.9826
0.9766
0.9705
0.9597
0.9474
0.9350
0.9226
0.9053
0.8849
0.8645
0.8442
0.8195
0.7904
0.7613
0.7322
0.7007
0.6653
0.6299
0.5945
0.5587
0.5213
0.4840
0.4467
0.4097
0.3753
0.3408
0.3064
0.2720
