# T(degC),f_1e2(MPa),f_1e3(MPa),f_1e4(MPa),S_m(MPa)
2.000000000000000000e+01,2.392240950538823085e+02,2.392240950538823085e+02,2.392240950538823085e+02,2.070000000000000000e+02
3.736734693877551194e+01,2.378132080685272172e+02,2.378132080685272172e+02,2.378132080685272172e+02,2.070000000000000000e+02
5.473469387755102389e+01,2.364023210831721542e+02,2.364023210831721542e+02,2.364023210831721542e+02,2.070000000000000000e+02
7.210204081632653583e+01,2.349914340978170912e+02,2.349914340978170912e+02,2.349914340978170912e+02,2.070000000000000000e+02
8.946938775510204778e+01,2.335805471124619999e+02,2.335805471124619999e+02,2.335805471124619999e+02,2.070000000000000000e+02
1.068367346938775597e+02,2.321696601271069369e+02,2.321696601271069369e+02,2.321696601271069369e+02,2.070000000000000000e+02
1.242040816326530717e+02,2.307587731417518455e+02,2.307587731417518455e+02,2.307587731417518455e+02,2.070000000000000000e+02
1.415714285714285836e+02,2.293478861563967826e+02,2.293478861563967826e+02,2.293478861563967826e+02,2.070000000000000000e+02
1.589387755102040956e+02,2.279369991710417196e+02,2.279369991710417196e+02,2.279369991710417196e+02,2.070000000000000000e+02
1.763061224489796075e+02,2.265261121856866282e+02,2.265261121856866282e+02,2.265261121856866282e+02,2.070000000000000000e+02
1.936734693877551194e+02,2.251152252003315937e+02,2.251152252003315937e+02,2.251152252003315937e+02,2.070000000000000000e+02
2.110408163265306314e+02,2.237043382149765307e+02,2.237043382149765307e+02,2.237043382149765307e+02,2.070000000000000000e+02
2.284081632653061433e+02,2.222934512296214393e+02,2.222934512296214393e+02,2.222934512296214393e+02,2.070000000000000000e+02
2.457755102040816553e+02,2.208825642442663764e+02,2.208825642442663764e+02,2.208825642442663764e+02,2.070000000000000000e+02
2.631428571428571672e+02,2.194716772589113134e+02,2.194716772589113134e+02,2.194716772589113134e+02,2.067371428571428567e+02
2.805102040816326507e+02,2.180607902735562220e+02,2.180607902735562220e+02,2.180607902735562220e+02,2.063897959183673549e+02
2.978775510204081911e+02,2.166499032882011591e+02,2.166499032882011591e+02,2.166499032882011591e+02,2.060424489795918248e+02
3.152448979591837315e+02,2.152390163028460677e+02,2.152390163028460677e+02,2.152390163028460677e+02,2.041706122448979386e+02
3.326122448979592150e+02,2.138281293174910047e+02,2.138281293174910047e+02,2.138281293174910047e+02,2.020865306122448999e+02
3.499795918367346985e+02,2.124172423321359418e+02,2.124172423321359418e+02,2.124172423321359418e+02,2.000024489795918328e+02
3.673469387755102389e+02,2.110063553467808504e+02,2.110063553467808504e+02,2.110063553467808504e+02,1.979183673469387656e+02
3.847142857142857792e+02,2.095954683614258158e+02,2.095954683614258158e+02,2.095954683614258158e+02,1.966114285714285757e+02
4.020816326530612628e+02,2.081845813760707529e+02,2.081845813760707529e+02,2.081845813760707529e+02,1.959167346938775438e+02
4.194489795918367463e+02,2.067736943907156615e+02,2.067736943907156615e+02,2.067736943907156615e+02,1.952220408163265404e+02
4.368163265306122867e+02,2.053628074053605985e+02,2.053628074053605985e+02,2.053628074053605985e+02,1.950000000000000000e+02
4.541836734693878270e+02,2.039519204200055356e+02,2.039519204200055356e+02,2.039519204200055356e+02,1.950000000000000000e+02
4.715510204081633105e+02,2.025410334346504442e+02,2.025410334346504442e+02,2.025410334346504442e+02,1.950000000000000000e+02
4.889183673469387941e+02,2.011301464492953812e+02,2.011301464492953812e+02,2.011301464492953812e+02,1.950000000000000000e+02
5.062857142857143344e+02,1.997192594639402898e+02,1.997192594639402898e+02,1.997192594639402898e+02,1.950000000000000000e+02
5.236530612244898748e+02,1.982755299411834073e+02,1.982755299411834073e+02,1.982755299411834073e+02,1.950000000000000000e+02
5.410204081632653015e+02,1.959455782312925294e+02,1.959455782312925294e+02,1.959455782312925294e+02,1.950000000000000000e+02
5.583877551020408418e+02,1.956326530612244881e+02,1.956326530612244881e+02,1.934681508967223635e+02,1.909738775510203936e+02
5.757551020408163822e+02,1.948104956268221599e+02,1.948104956268221599e+02,1.810478664192950191e+02,1.820938775510203413e+02
5.931224489795919226e+02,1.937376093294460588e+02,1.937376093294460588e+02,1.686275819418676463e+02,1.612530612244896986e+02
6.104897959183674629e+02,1.926647230320699578e+02,1.926647230320699578e+02,1.562072974644403018e+02,1.425102040816325371e+02
6.278571428571428896e+02,1.915918367346938851e+02,1.830164502164502665e+02,1.437870129870130143e+02,1.255999999999999659e+02
6.452244897959184300e+02,1.905189504373177840e+02,1.684910327767470619e+02,1.313667285095856414e+02,1.110114285714285245e+02
6.625918367346939704e+02,1.858075801749270966e+02,1.539656153370438858e+02,1.189464440321582828e+02,9.828644897959176774e+01
6.799591836734693970e+02,1.800855199222546048e+02,1.394401978973407950e+02,1.065261595547310094e+02,8.672448979591835894e+01
6.973265306122449374e+02,1.743634596695821131e+02,1.249147804576376046e+02,9.410587507730365076e+01,7.630408163265303756e+01
7.146938775510204778e+02,1.477249757045675267e+02,1.124586977648202009e+02,8.385908649173953222e+01,6.717673469387752050e+01
7.320612244897960181e+02,1.342859572400388117e+02,1.012939747327501863e+02,7.496865889212824641e+01,5.876481632653056408e+01
7.494285714285715585e+02,1.208469387755100826e+02,9.012925170068017167e+01,6.607823129251694638e+01,5.105371428571422143e+01
7.667959183673469852e+02,1.087832847424683678e+02,8.017808551992219179e+01,5.799684159378036696e+01,4.428318367346936668e+01
7.841632653061225255e+02,9.885908649173948959e+01,7.211467444120499692e+01,5.117395529640425167e+01,3.798448979591834274e+01
8.015306122448980659e+02,8.893488824101058299e+01,6.405126336248778784e+01,4.435106899902814348e+01,3.214693877551017209e+01
8.188979591836734926e+02,7.943722943722939078e+01,5.631465677179961205e+01,3.799925788497217383e+01,2.700620408163264585e+01
8.362653061224490330e+02,7.206926406926400830e+01,5.020977118119972715e+01,3.399950525664809931e+01,2.236114285714284478e+01
8.536326530612245733e+02,6.470129870129864003e+01,4.410488559059984937e+01,2.999975262832403544e+01,1.815893877551018676e+01
8.710000000000000000e+02,5.733333333333332149e+01,3.800000000000000711e+01,2.599999999999999645e+01,1.461599999999999966e+01
